20 17 142
0 0 1.000000e+00
0 1 5.000000e-01
0 2 3.333333e-01
0 3 2.500000e-01
0 4 2.000000e-01
1 0 5.000000e-01
1 1 3.333333e-01
1 2 2.500000e-01
1 3 2.000000e-01
1 4 1.666667e-01
1 5 1.428571e-01
2 0 3.333333e-01
2 1 2.500000e-01
2 2 2.000000e-01
2 3 1.666667e-01
2 4 1.428571e-01
2 5 1.250000e-01
2 6 1.111111e-01
3 0 2.500000e-01
3 1 2.000000e-01
3 2 1.666667e-01
3 3 1.428571e-01
3 4 1.250000e-01
3 5 1.111111e-01
3 6 1.000000e-01
3 7 9.090909e-02
4 0 2.000000e-01
4 1 1.666667e-01
4 2 1.428571e-01
4 3 1.250000e-01
4 4 1.111111e-01
4 5 1.000000e-01
4 6 9.090909e-02
4 7 8.333333e-02
4 8 7.692308e-02
5 1 1.428571e-01
5 2 1.250000e-01
5 3 1.111111e-01
5 4 1.000000e-01
5 5 9.090909e-02
5 6 8.333333e-02
5 7 7.692308e-02
5 8 7.142857e-02
5 9 6.666667e-02
6 2 1.111111e-01
6 3 1.000000e-01
6 4 9.090909e-02
6 5 8.333333e-02
6 6 7.692308e-02
6 7 7.142857e-02
6 8 6.666667e-02
6 9 6.250000e-02
6 10 5.882353e-02
7 3 9.090909e-02
7 4 8.333333e-02
7 5 7.692308e-02
7 6 7.142857e-02
7 7 6.666667e-02
7 8 6.250000e-02
7 9 5.882353e-02
7 10 5.555556e-02
7 11 5.263158e-02
8 4 7.692308e-02
8 5 7.142857e-02
8 6 6.666667e-02
8 7 6.250000e-02
8 8 5.882353e-02
8 9 5.555556e-02
8 10 5.263158e-02
8 11 5.000000e-02
8 12 4.761905e-02
9 5 6.666667e-02
9 6 6.250000e-02
9 7 5.882353e-02
9 8 5.555556e-02
9 9 5.263158e-02
9 10 5.000000e-02
9 11 4.761905e-02
9 12 4.545455e-02
9 13 4.347826e-02
10 6 5.882353e-02
10 7 5.555556e-02
10 8 5.263158e-02
10 9 5.000000e-02
10 10 4.761905e-02
10 11 4.545455e-02
10 12 4.347826e-02
10 13 4.166667e-02
10 14 4.000000e-02
11 7 5.263158e-02
11 8 5.000000e-02
11 9 4.761905e-02
11 10 4.545455e-02
11 11 4.347826e-02
11 12 4.166667e-02
11 13 4.000000e-02
11 14 3.846154e-02
11 15 3.703704e-02
12 8 4.761905e-02
12 9 4.545455e-02
12 10 4.347826e-02
12 11 4.166667e-02
12 12 4.000000e-02
12 13 3.846154e-02
12 14 3.703704e-02
12 15 3.571429e-02
12 16 3.448276e-02
13 9 4.347826e-02
13 10 4.166667e-02
13 11 4.000000e-02
13 12 3.846154e-02
13 13 3.703704e-02
13 14 3.571429e-02
13 15 3.448276e-02
13 16 3.333333e-02
14 10 4.000000e-02
14 11 3.846154e-02
14 12 3.703704e-02
14 13 3.571429e-02
14 14 3.448276e-02
14 15 3.333333e-02
14 16 3.225806e-02
15 11 3.703704e-02
15 12 3.571429e-02
15 13 3.448276e-02
15 14 3.333333e-02
15 15 3.225806e-02
15 16 3.125000e-02
16 12 3.448276e-02
16 13 3.333333e-02
16 14 3.225806e-02
16 15 3.125000e-02
16 16 3.030303e-02
17 13 3.225806e-02
17 14 3.125000e-02
17 15 3.030303e-02
17 16 2.941176e-02
18 14 3.030303e-02
18 15 2.941176e-02
18 16 2.857143e-02
19 15 2.857143e-02
19 16 2.777778e-02
