6259 6259 18831
0 0   6.695413099908e+01
0 1  -3.348885363338e+01
0 91  -3.346527736570e+01
1 0  -3.348885363338e+01
1 1   7.095484351403e+01
1 2  -3.746598988065e+01
2 1  -3.746598988065e+01
2 2   1.528345485172e+02
2 3  -1.153685586365e+02
3 2  -1.153685586365e+02
3 3   1.796587074891e+02
3 4  -6.429014885260e+01
4 3  -6.429014885260e+01
4 4   1.555453966300e+02
4 5  -1.999310440023e+01
4 6  -7.126214337715e+01
5 4  -1.999310440023e+01
5 5   3.052415718511e+01
5 46  -1.053105278488e+01
6 4  -7.126214337715e+01
6 6   7.127587441035e+01
6 1713  -1.373103320306e-02
7 7   1.324273384864e+02
7 63  -3.874980205779e+01
7 69  -9.367753642858e+01
8 8   1.962762052039e+01
8 9  -1.005741681097e+01
8 10  -9.556472676215e+00
8 1710  -1.373103320306e-02
9 8  -1.005741681097e+01
9 9   1.771026438772e+01
9 93  -7.652847576754e+00
10 8  -9.556472676215e+00
10 10   1.763246645615e+01
10 11  -8.075993779937e+00
11 10  -8.075993779937e+00
11 11   1.764939561942e+01
11 51  -9.573401839478e+00
12 12   5.350721955598e+01
12 13  -3.607274326109e+01
12 56  -1.743447629489e+01
13 12  -3.607274326109e+01
13 13   7.061623945208e+01
13 14  -3.454349619099e+01
14 13  -3.454349619099e+01
14 14   6.833391374964e+01
14 15  -3.379041755865e+01
15 14  -3.379041755865e+01
15 15   6.459524429350e+01
15 16  -3.080482673485e+01
16 15  -3.080482673485e+01
16 16   4.793540578664e+01
16 17  -1.713057905179e+01
17 16  -1.713057905179e+01
17 17   4.138442004009e+01
17 18  -2.425384098830e+01
18 17  -2.425384098830e+01
18 18   2.426187542759e+01
18 1725  -8.034439291101e-03
19 19   4.226373721504e+01
19 20  -2.199804217081e+01
19 55  -2.026569504423e+01
20 19  -2.199804217081e+01
20 20   9.812485322813e+01
20 21  -4.649349177063e+01
20 90  -2.963331928668e+01
21 20  -4.649349177063e+01
21 21   8.185945059557e+01
21 126  -3.536595882493e+01
22 22   1.572942725149e+01
22 24  -7.818933348887e+00
22 57  -7.910493902606e+00
23 23   1.972330319566e+01
23 24  -1.972330319566e+01
24 22  -7.818933348887e+00
24 23  -1.972330319566e+01
24 24   9.616492310654e+01
24 98  -3.633933697504e+01
24 130  -3.228334958695e+01
25 25   7.559501190798e+01
25 26  -7.559501190798e+01
26 25  -7.559501190798e+01
26 26   1.080924455274e+02
26 129  -3.249743361939e+01
27 27   7.912475714359e+01
27 28  -4.442794727424e+01
27 128  -3.469680986934e+01
28 27  -4.442794727424e+01
28 28   1.166660488853e+02
28 29  -7.223810161104e+01
29 28  -7.223810161104e+01
29 29   1.113823359505e+02
29 30  -1.842134530883e+01
29 82  -2.072288903067e+01
30 29  -1.842134530883e+01
30 30   8.161095791020e+01
30 31  -3.461163165795e+01
30 46  -2.857798094342e+01
31 30  -3.461163165795e+01
31 31   6.543046886399e+01
31 32  -3.080510617283e+01
31 1771  -1.373103320306e-02
32 31  -3.080510617283e+01
32 32   7.938883839044e+01
32 33  -2.547148863396e+01
32 35  -2.311224358365e+01
33 32  -2.547148863396e+01
33 33   1.402478367471e+02
33 34  -4.990608444654e+01
33 45  -6.487026366656e+01
34 33  -4.990608444654e+01
34 34   1.201642319513e+02
34 40  -7.025814750478e+01
35 32  -2.311224358365e+01
35 35   4.696079826742e+01
35 132  -2.384855468377e+01
36 36   3.077509377416e+01
36 37  -1.202859154498e+01
36 115  -1.874650222919e+01
37 36  -1.202859154498e+01
37 37   2.404626726777e+01
37 38  -1.201767572280e+01
38 37  -1.201767572280e+01
38 38   4.043981179055e+01
38 39  -1.140695891231e+01
38 74  -1.701517715544e+01
39 38  -1.140695891231e+01
39 39   3.877999219684e+01
39 41  -9.122948139239e+00
39 75  -1.825008514529e+01
40 34  -7.025814750478e+01
40 40   7.025814750478e+01
41 39  -9.122948139239e+00
41 41   2.008306989783e+01
41 42  -1.096012175859e+01
42 41  -1.096012175859e+01
42 42   2.136348472014e+01
42 43  -1.040336296155e+01
43 42  -1.040336296155e+01
43 43   2.255334545223e+01
43 44  -1.214998249068e+01
44 43  -1.214998249068e+01
44 44   1.215522541260e+01
44 1726  -5.242921922172e-03
45 33  -6.487026366656e+01
45 45   6.487026366656e+01
46 5  -1.053105278488e+01
46 30  -2.857798094342e+01
46 46   3.910903372830e+01
47 47   4.512008109306e+01
47 48  -2.039315675251e+01
47 132  -2.472692434055e+01
48 47  -2.039315675251e+01
48 48   8.053711741871e+01
48 71  -1.958574247153e+01
48 1605  -4.055821819467e+01
49 49   6.747031446513e+01
49 50  -2.857798094342e+01
49 89  -3.889233352171e+01
50 49  -2.857798094342e+01
50 50   1.448521590846e+02
50 62  -3.632066096857e+01
50 70  -7.995351717258e+01
51 11  -9.573401839478e+00
51 51   1.900753352401e+01
51 52  -9.434131684527e+00
52 51  -9.434131684527e+00
52 52   4.585999924750e+01
52 53  -3.024730227363e+01
52 55  -6.178565289339e+00
53 52  -3.024730227363e+01
53 53   1.372608768428e+02
53 54  -1.070135745692e+02
54 53  -1.070135745692e+02
54 54   1.070135745692e+02
55 19  -2.026569504423e+01
55 52  -6.178565289339e+00
55 55   5.686788619625e+01
55 56  -3.042362586268e+01
56 12  -1.743447629489e+01
56 55  -3.042362586268e+01
56 56   4.785810215757e+01
57 22  -7.910493902606e+00
57 57   1.542674654643e+01
57 58  -7.516252643826e+00
58 57  -7.516252643826e+00
58 58   1.538069961372e+01
58 59  -7.864446969895e+00
59 58  -7.864446969895e+00
59 59   1.635047479588e+01
59 60  -8.486027825989e+00
60 59  -8.486027825989e+00
60 60   1.577912567416e+01
60 61  -7.293097848167e+00
61 60  -7.293097848167e+00
61 61   7.301132287458e+00
61 1715  -8.034439291101e-03
62 50  -3.632066096857e+01
62 62   3.633439200177e+01
62 1727  -1.373103320306e-02
63 7  -3.874980205779e+01
63 63   6.202903868404e+01
63 85  -2.327120218695e+01
63 1728  -8.034439291101e-03
64 64   9.221437642777e+01
64 65  -2.507880589240e+01
64 85  -6.713557053536e+01
65 64  -2.507880589240e+01
65 65   1.486699464986e+02
65 66  -7.370785439429e+01
65 1594  -3.021100428121e+01
65 1595  -1.967228193073e+01
66 65  -7.370785439429e+01
66 66   1.139891957353e+02
66 1597  -4.028134134104e+01
67 67   2.972526303064e+02
67 68  -1.093319079876e+02
67 1373  -1.879207223188e+02
68 67  -1.093319079876e+02
68 68   1.870701370805e+02
68 1660  -7.773822909285e+01
69 7  -9.367753642858e+01
69 69   9.367753642858e+01
70 50  -7.995351717258e+01
70 70   7.995351717258e+01
71 48  -1.958574247153e+01
71 71   5.192168190303e+01
71 72  -3.233593943150e+01
72 71  -3.233593943150e+01
72 72   6.911455589358e+01
72 1661  -3.677861646208e+01
73 73   7.138464715582e+01
73 1375  -7.138464715582e+01
74 38  -1.701517715544e+01
74 74   1.701517715544e+01
75 39  -1.825008514529e+01
75 75   1.825008514529e+01
76 76   1.007711048792e+02
76 77  -6.586399211882e+01
76 1375  -3.490711276041e+01
77 76  -6.586399211882e+01
77 77   1.071193545904e+02
77 78  -6.728597061906e+00
77 94  -3.452676540969e+01
78 77  -6.728597061906e+00
78 78   1.323705025705e+01
78 79  -6.508453195145e+00
79 78  -6.508453195145e+00
79 79   1.344430592624e+01
79 80  -6.935852731095e+00
80 79  -6.935852731095e+00
80 80   1.446781909598e+01
80 81  -7.531966364881e+00
81 80  -7.531966364881e+00
81 81   7.552878488435e+00
81 1717  -2.091212355422e-02
82 29  -2.072288903067e+01
82 82   4.012928941972e+01
82 83  -1.939266935585e+01
82 1723  -1.373103320306e-02
83 82  -1.939266935585e+01
83 83   3.992940927366e+01
83 84  -2.053673991781e+01
84 83  -2.053673991781e+01
84 84   6.920809949744e+01
84 85  -4.867135957962e+01
85 63  -2.327120218695e+01
85 64  -6.713557053536e+01
85 84  -4.867135957962e+01
85 85   2.061604643248e+02
85 86  -6.708233202289e+01
86 85  -6.708233202289e+01
86 86   9.402208383009e+01
86 87  -2.693975180720e+01
87 86  -2.693975180720e+01
87 87   5.741194723765e+01
87 88  -3.047219543046e+01
88 87  -3.047219543046e+01
88 88   7.007463825747e+01
88 89  -3.960244282701e+01
89 49  -3.889233352171e+01
89 88  -3.960244282701e+01
89 89   7.850850738193e+01
89 1719  -1.373103320306e-02
90 20  -2.963331928668e+01
90 90   6.016116052669e+01
90 91  -3.052784124001e+01
91 0  -3.346527736570e+01
91 90  -3.052784124001e+01
91 91   6.400684963891e+01
91 1730  -1.373103320306e-02
92 92   8.214314643879e+00
92 93  -8.200583610676e+00
92 1720  -1.373103320306e-02
93 9  -7.652847576754e+00
93 92  -8.200583610676e+00
93 93   1.585343118743e+01
94 77  -3.452676540969e+01
94 94   4.866767719006e+01
94 95  -1.414091178037e+01
95 94  -1.414091178037e+01
95 95   5.000969925763e+01
95 96  -3.585505644406e+01
95 1746  -1.373103320306e-02
96 95  -3.585505644406e+01
96 96   1.102269221307e+02
96 97  -3.684671993701e+01
96 131  -3.752514574967e+01
97 96  -3.684671993701e+01
97 97   3.685475437630e+01
97 1718  -8.034439291101e-03
98 24  -3.633933697504e+01
98 98   7.957631487372e+01
98 99  -4.323697789868e+01
99 98  -4.323697789868e+01
99 99   7.586606575244e+01
99 100  -3.260817573021e+01
99 1716  -2.091212355422e-02
100 99  -3.260817573021e+01
100 100   9.303835414500e+01
100 101  -1.886924416360e+01
100 133  -4.156093425120e+01
101 100  -1.886924416360e+01
101 101   4.022516908414e+01
101 102  -2.135592492055e+01
102 101  -2.135592492055e+01
102 102   4.094166739207e+01
102 103  -1.958574247153e+01
103 102  -1.958574247153e+01
103 103   4.252251672712e+01
103 104  -2.293677425559e+01
104 103  -2.293677425559e+01
104 104   4.376169154277e+01
104 105  -2.082491728718e+01
105 104  -2.082491728718e+01
105 105   4.071927751117e+01
105 106  -1.989436022399e+01
106 105  -1.989436022399e+01
106 106   4.102093777138e+01
106 107  -2.112657754738e+01
107 106  -2.112657754738e+01
107 107   4.553950872203e+01
107 108  -2.441293117465e+01
108 107  -2.441293117465e+01
108 108   2.442666220785e+01
108 1733  -1.373103320306e-02
109 109   3.268660870368e+01
109 1536  -3.268660870368e+01
110 110   4.790655851514e+01
110 111  -2.758280003507e+01
110 126  -2.032375848007e+01
111 110  -2.758280003507e+01
111 111   1.235270554462e+02
111 112  -1.134183344643e+01
111 113  -8.460242196468e+01
112 111  -1.134183344643e+01
112 112   2.304446701648e+01
112 114  -1.170263357006e+01
113 111  -8.460242196468e+01
113 113   8.460242196468e+01
114 112  -1.170263357006e+01
114 114   1.172354569361e+01
114 1721  -2.091212355422e-02
115 36  -1.874650222919e+01
115 115   3.579161249252e+01
115 116  -1.704511026333e+01
116 115  -1.704511026333e+01
116 116   3.245380125659e+01
116 117  -1.540869099326e+01
117 116  -1.540869099326e+01
117 117   3.383264342878e+01
117 118  -1.842395243551e+01
118 117  -1.842395243551e+01
118 118   3.540535332343e+01
118 119  -1.696048876436e+01
118 1722  -2.091212355422e-02
119 118  -1.696048876436e+01
119 119   3.407064061892e+01
119 120  -1.711015185456e+01
120 119  -1.711015185456e+01
120 120   2.617688814409e+01
120 121  -9.066736289533e+00
121 120  -9.066736289533e+00
121 121   1.602965943501e+01
121 124  -6.962923145480e+00
122 122   1.538826125003e+02
122 123  -3.505298792797e+01
122 133  -1.188296245724e+02
123 122  -3.505298792797e+01
123 123   6.669167015227e+01
123 124  -3.163868222430e+01
124 121  -6.962923145480e+00
124 123  -3.163868222430e+01
124 124   7.253676847360e+01
124 125  -3.393516310382e+01
125 124  -3.393516310382e+01
125 125   6.410134869240e+01
125 126  -3.016618558859e+01
126 21  -3.536595882493e+01
126 110  -2.032375848007e+01
126 125  -3.016618558859e+01
126 126   8.585590289359e+01
127 127   2.156508895428e+02
127 134  -1.084131555122e+02
127 1660  -1.072377340306e+02
128 27  -3.469680986934e+01
128 128   1.084464377755e+02
128 129  -7.374962790619e+01
129 26  -3.249743361939e+01
129 128  -7.374962790619e+01
129 129   1.062470615256e+02
130 24  -3.228334958695e+01
130 130   7.210338664087e+01
130 131  -3.982003705392e+01
131 96  -3.752514574967e+01
131 130  -3.982003705392e+01
131 131   7.734518280359e+01
132 35  -2.384855468377e+01
132 47  -2.472692434055e+01
132 132   8.623668042676e+01
132 1604  -3.766120140244e+01
133 100  -4.156093425120e+01
133 122  -1.188296245724e+02
133 133   1.603905588235e+02
134 127  -1.084131555122e+02
134 134   1.972478374454e+02
134 594  -8.881376980970e+01
134 1789  -2.091212355422e-02
135 135   2.343860520726e+01
135 136  -7.322744860374e+00
135 157  -1.611586034689e+01
136 135  -7.322744860374e+00
136 136   1.578220602610e+01
136 179  -8.459461165722e+00
137 137   4.062688817859e+01
137 139  -1.017897104358e+00
137 141  -2.123313038661e+00
137 1158  -3.748567803557e+01
138 138   6.524538929198e+00
138 139  -2.790217371907e+00
138 140  -3.734321557291e+00
139 137  -1.017897104358e+00
139 138  -2.790217371907e+00
139 139   3.808114476266e+00
140 138  -3.734321557291e+00
140 140   6.005146740616e+00
140 528  -2.270825183325e+00
141 137  -2.123313038661e+00
141 141   7.563773477267e+00
141 142  -2.033703867207e+00
141 522  -1.866663899828e+00
141 524  -1.540092671570e+00
142 141  -2.033703867207e+00
142 142   4.597832176962e+01
142 143  -2.844308080063e+01
142 145  -1.550153710178e+01
143 142  -2.844308080063e+01
143 143   7.584821726819e+01
143 144  -4.740513646755e+01
144 143  -4.740513646755e+01
144 144   4.740513646755e+01
145 142  -1.550153710178e+01
145 145   6.598876663816e+01
145 154  -3.139534874449e+00
145 177  -1.029042019922e+01
145 181  -3.705727446271e+01
146 146   7.542723854323e+00
146 147  -7.540723854397e+00
146 1765  -1.999999925494e-03
147 146  -7.540723854397e+00
147 147   1.525915074150e+01
147 148  -7.718426887104e+00
148 147  -7.718426887104e+00
148 148   1.405145704260e+01
148 158  -6.333030155493e+00
149 149   2.348617701056e+02
149 150  -1.036304818915e+02
149 151  -1.023657953337e+02
149 306  -2.886549288044e+01
150 149  -1.036304818915e+02
150 150   1.036304818915e+02
151 149  -1.023657953337e+02
151 151   2.801048921640e+02
151 152  -1.502587487524e+02
151 345  -2.748034807783e+01
152 151  -1.502587487524e+02
152 152   5.797634053902e+02
152 153  -4.295046566378e+02
153 152  -4.295046566378e+02
153 153   4.295046566378e+02
154 145  -3.139534874449e+00
154 154   5.715614084056e+00
154 155  -2.576079209607e+00
155 154  -2.576079209607e+00
155 155   5.516543724443e+00
155 156  -1.482697464620e+00
155 157  -1.457767050216e+00
156 155  -1.482697464620e+00
156 156   3.967481907229e+01
156 849  -3.819212160767e+01
157 135  -1.611586034689e+01
157 155  -1.457767050216e+00
157 157   1.757362739710e+01
158 148  -6.333030155493e+00
158 158   1.370740148751e+01
158 159  -7.374371332018e+00
159 158  -7.374371332018e+00
159 159   1.545841833676e+01
159 667  -8.084047004746e+00
160 160   1.137511830948e+02
160 161  -1.333637206787e+01
160 351  -3.618258285652e+01
160 372  -6.423222817045e+01
161 160  -1.333637206787e+01
161 161   2.659054748198e+01
161 162  -1.325417541411e+01
162 161  -1.325417541411e+01
162 162   6.000395969946e+01
162 163  -4.674978428535e+01
163 162  -4.674978428535e+01
163 163   4.674978428535e+01
164 164   3.857045389376e+02
164 165  -1.100012516937e+02
164 182  -2.757032872439e+02
165 164  -1.100012516937e+02
165 165   2.050620767036e+02
165 459  -9.506082500998e+01
166 166   8.135591955726e+01
166 167  -7.223681523576e+00
166 367  -1.260175961442e+01
166 1148  -6.153047841927e+01
167 166  -7.223681523576e+00
167 167   1.322225913005e+01
167 507  -5.998577606471e+00
168 168   6.623963987331e+00
168 169  -6.618721065409e+00
168 1802  -5.242921922172e-03
169 168  -6.618721065409e+00
169 169   1.446983770440e+01
169 1303  -7.851116638986e+00
170 170   4.447889307005e+01
170 171  -4.447889307005e+01
171 170  -4.447889307005e+01
171 171   5.184656192366e+01
171 172  -7.367668853610e+00
172 171  -7.367668853610e+00
172 172   2.072310730841e+01
172 173  -7.176873165461e+00
172 353  -6.178565289339e+00
173 172  -7.176873165461e+00
173 173   1.552740384609e+01
173 174  -8.350530680627e+00
174 173  -8.350530680627e+00
174 174   5.473839168609e+01
174 175  -4.638786100546e+01
175 174  -4.638786100546e+01
175 175   4.638786100546e+01
176 176   1.824531794616e+01
176 177  -7.707418700424e+00
176 454  -1.053789924573e+01
177 145  -1.029042019922e+01
177 176  -7.707418700424e+00
177 177   1.799783889964e+01
178 178   3.325644134491e+01
178 299  -2.263673701786e+01
178 356  -1.061970432705e+01
179 136  -8.459461165722e+00
179 179   1.610591930131e+01
179 180  -7.638423696296e+00
179 1788  -8.034439291101e-03
180 179  -7.638423696296e+00
180 180   1.564067228018e+01
180 489  -8.002248583883e+00
181 145  -3.705727446271e+01
181 181   4.696878077911e+01
181 455  -9.897775283196e+00
181 1749  -1.373103320306e-02
182 164  -2.757032872439e+02
182 182   3.461230957746e+02
182 183  -3.477091974154e+01
182 185  -3.564888878918e+01
183 182  -3.477091974154e+01
183 183   5.806323422118e+01
183 184  -2.329231447964e+01
184 183  -2.329231447964e+01
184 184   4.718967453446e+01
184 187  -2.389736005482e+01
185 182  -3.564888878918e+01
185 185   5.894120326882e+01
185 186  -2.329231447964e+01
186 185  -2.329231447964e+01
186 186   4.718967453446e+01
186 188  -2.389736005482e+01
187 184  -2.389736005482e+01
187 187   4.784287713470e+01
187 189  -2.394551707988e+01
188 186  -2.389736005482e+01
188 188   4.784287713470e+01
188 190  -2.394551707988e+01
189 187  -2.394551707988e+01
189 189   4.723783155952e+01
189 191  -2.329231447964e+01
190 188  -2.394551707988e+01
190 190   4.723783155952e+01
190 192  -2.329231447964e+01
191 189  -2.329231447964e+01
191 191   5.478426561176e+01
191 193  -3.149195113212e+01
192 190  -2.329231447964e+01
192 192   5.479026561153e+01
192 194  -3.149195113212e+01
192 1760  -5.999999776483e-03
193 191  -3.149195113212e+01
193 193   5.607315321247e+01
193 195  -2.458120208035e+01
194 192  -3.149195113212e+01
194 194   5.607315321247e+01
194 196  -2.458120208035e+01
195 193  -2.458120208035e+01
195 195   4.793073019680e+01
195 197  -2.334952811645e+01
196 194  -2.458120208035e+01
196 196   4.793073019680e+01
196 198  -2.334952811645e+01
197 195  -2.334952811645e+01
197 197   4.699329193645e+01
197 199  -2.364376382000e+01
198 196  -2.334952811645e+01
198 198   4.699329193645e+01
198 200  -2.364376382000e+01
199 197  -2.364376382000e+01
199 199   4.762552186440e+01
199 201  -2.398175804440e+01
200 198  -2.364376382000e+01
200 200   4.762552186440e+01
200 202  -2.398175804440e+01
201 199  -2.398175804440e+01
201 201   4.742340727603e+01
201 203  -2.344164923162e+01
202 200  -2.398175804440e+01
202 202   4.742340727603e+01
202 204  -2.344164923162e+01
203 201  -2.344164923162e+01
203 203   4.728307076906e+01
203 205  -2.384142153743e+01
204 202  -2.344164923162e+01
204 204   4.728307076906e+01
204 206  -2.384142153743e+01
205 203  -2.384142153743e+01
205 205   4.768284307486e+01
205 207  -2.384142153743e+01
206 204  -2.384142153743e+01
206 206   4.768284307486e+01
206 208  -2.384142153743e+01
207 205  -2.384142153743e+01
207 207   5.004420606194e+01
207 209  -2.620278452451e+01
208 206  -2.384142153743e+01
208 208   5.004420606194e+01
208 210  -2.620278452451e+01
209 207  -2.620278452451e+01
209 209   8.814698809160e+01
209 211  -6.194420356709e+01
210 208  -2.620278452451e+01
210 210   8.814698809160e+01
210 212  -6.194420356709e+01
211 209  -6.194420356709e+01
211 211   1.001326201195e+02
211 213  -3.818841655245e+01
212 210  -6.194420356709e+01
212 212   1.001326201195e+02
212 214  -3.818841655245e+01
213 211  -3.818841655245e+01
213 213   6.199004321880e+01
213 215  -2.380162666635e+01
214 212  -3.818841655245e+01
214 214   6.199004321880e+01
214 216  -2.380162666635e+01
215 213  -2.380162666635e+01
215 215   4.725484157046e+01
215 217  -2.345321490411e+01
216 214  -2.380162666635e+01
216 216   4.725484157046e+01
216 218  -2.345321490411e+01
217 215  -2.345321490411e+01
217 217   4.778692563308e+01
217 219  -2.433371072898e+01
218 216  -2.345321490411e+01
218 218   4.778692563308e+01
218 220  -2.433371072898e+01
219 217  -2.433371072898e+01
219 219   4.844523207791e+01
219 221  -2.411152134894e+01
220 218  -2.433371072898e+01
220 220   4.844523207791e+01
220 222  -2.411152134894e+01
221 219  -2.411152134894e+01
221 221   4.761499078384e+01
221 223  -2.350346943490e+01
222 220  -2.411152134894e+01
222 222   4.761499078384e+01
222 224  -2.350346943490e+01
223 221  -2.350346943490e+01
223 223   4.700693886981e+01
223 225  -2.350346943490e+01
224 222  -2.350346943490e+01
224 224   4.700693886981e+01
224 226  -2.350346943490e+01
225 223  -2.350346943490e+01
225 225   4.833292345128e+01
225 227  -2.482945401637e+01
226 224  -2.350346943490e+01
226 226   4.833292345128e+01
226 228  -2.482945401637e+01
227 225  -2.482945401637e+01
227 227   5.279484821374e+01
227 229  -2.796539419737e+01
228 226  -2.482945401637e+01
228 228   5.279484821374e+01
228 230  -2.796539419737e+01
229 227  -2.796539419737e+01
229 229   5.217516575052e+01
229 231  -2.420977155315e+01
230 228  -2.796539419737e+01
230 230   5.217516575052e+01
230 232  -2.420977155315e+01
231 229  -2.420977155315e+01
231 231   4.792037303862e+01
231 233  -2.371060148546e+01
232 230  -2.420977155315e+01
232 232   4.792561596054e+01
232 234  -2.371060148546e+01
232 1783  -5.242921922172e-03
233 231  -2.371060148546e+01
233 233   4.989894666689e+01
233 235  -2.618834518143e+01
234 232  -2.371060148546e+01
234 234   4.989894666689e+01
234 236  -2.618834518143e+01
235 233  -2.618834518143e+01
235 235   5.819632113877e+01
235 237  -3.200797595734e+01
236 234  -2.618834518143e+01
236 236   5.819632113877e+01
236 238  -3.200797595734e+01
237 235  -3.200797595734e+01
237 237   6.391568303235e+01
237 239  -3.190770707501e+01
238 236  -3.200797595734e+01
238 238   6.391568303235e+01
238 240  -3.190770707501e+01
239 237  -3.190770707501e+01
239 239   5.535706529832e+01
239 241  -2.344935822332e+01
240 238  -3.190770707501e+01
240 240   5.535706529832e+01
240 242  -2.344935822332e+01
241 239  -2.344935822332e+01
241 241   4.745130393845e+01
241 243  -2.400194571513e+01
242 240  -2.344935822332e+01
242 242   4.745130393845e+01
242 244  -2.400194571513e+01
243 241  -2.400194571513e+01
243 243   4.772438043416e+01
243 245  -2.372243471903e+01
244 242  -2.400194571513e+01
244 244   4.772438043416e+01
244 246  -2.372243471903e+01
245 243  -2.372243471903e+01
245 245   5.093532654139e+01
245 247  -2.721289182236e+01
246 244  -2.372243471903e+01
246 246   5.093532654139e+01
246 248  -2.721289182236e+01
247 245  -2.721289182236e+01
247 247   5.121483753750e+01
247 249  -2.400194571513e+01
248 246  -2.721289182236e+01
248 248   5.121483753750e+01
248 250  -2.400194571513e+01
249 247  -2.400194571513e+01
249 249   5.270475617013e+01
249 251  -2.870281045500e+01
250 248  -2.400194571513e+01
250 250   5.270475617013e+01
250 252  -2.870281045500e+01
251 249  -2.870281045500e+01
251 251   6.208191727621e+01
251 253  -3.337910682121e+01
252 250  -2.870281045500e+01
252 252   6.208191727621e+01
252 254  -3.337910682121e+01
253 251  -3.337910682121e+01
253 253   6.121348872497e+01
253 255  -2.783438190376e+01
254 252  -3.337910682121e+01
254 254   6.121348872497e+01
254 256  -2.783438190376e+01
255 253  -2.783438190376e+01
255 255   6.078921262272e+01
255 257  -3.295483071896e+01
256 254  -2.783438190376e+01
256 256   6.078921262272e+01
256 258  -3.295483071896e+01
257 255  -3.295483071896e+01
257 257   6.055752785937e+01
257 259  -2.760269714041e+01
258 256  -3.295483071896e+01
258 258   6.055752785937e+01
258 260  -2.760269714041e+01
259 257  -2.760269714041e+01
259 259   5.616178843583e+01
259 261  -2.855909129542e+01
260 258  -2.760269714041e+01
260 260   5.616178843583e+01
260 262  -2.855909129542e+01
261 259  -2.855909129542e+01
261 261   5.611911226397e+01
261 263  -2.756002096855e+01
262 260  -2.855909129542e+01
262 262   5.611911226397e+01
262 308  -2.756002096855e+01
263 261  -2.756002096855e+01
263 263   6.319999448470e+01
263 309  -3.563997351615e+01
264 264   2.023976469578e+02
264 265  -8.033972554503e+00
264 1414  -8.270794501277e+01
264 1415  -1.116557293905e+02
265 264  -8.033972554503e+00
265 265   1.622213251745e+01
265 266  -8.188159962946e+00
266 265  -8.188159962946e+00
266 266   1.735297399039e+01
266 267  -9.164814027446e+00
267 266  -9.164814027446e+00
267 267   5.613695023785e+01
267 268  -8.324804345617e+00
267 1159  -3.864733186479e+01
268 267  -8.324804345617e+00
268 268   1.623939081551e+01
268 269  -7.900855436694e+00
268 1693  -1.373103320306e-02
269 268  -7.900855436694e+00
269 269   1.517921947328e+01
269 270  -7.278364036584e+00
270 269  -7.278364036584e+00
270 270   4.561050269741e+01
270 271  -3.833213866083e+01
271 270  -3.833213866083e+01
271 271   4.682483452482e+01
271 1064  -8.492695863991e+00
272 272   1.847374587019e+02
272 273  -8.698001839953e+01
272 669  -9.775744030238e+01
273 272  -8.698001839953e+01
273 273   3.736303442507e+02
273 286  -2.866503258512e+02
274 274   8.116686213831e+01
274 275  -8.116686213831e+01
275 274  -8.116686213831e+01
275 275   2.599696179605e+02
275 276  -8.221097483344e+01
275 280  -9.659178098877e+01
276 275  -8.221097483344e+01
276 276   1.665381347322e+02
276 277  -8.432715989874e+01
277 276  -8.432715989874e+01
277 277   1.701015157299e+02
277 278  -8.577435583113e+01
278 277  -8.577435583113e+01
278 278   5.586662199604e+02
278 279  -7.630543674354e+01
278 1635  -3.965864273857e+02
279 278  -7.630543674354e+01
279 279   3.384738471849e+02
279 1149  -2.621684104414e+02
280 275  -9.659178098877e+01
280 280   1.880187121639e+02
280 281  -9.142693117513e+01
281 280  -9.142693117513e+01
281 281   1.828538623503e+02
281 282  -9.142693117513e+01
282 281  -9.142693117513e+01
282 282   3.410072445139e+02
282 936  -2.495803133388e+02
283 283   3.571110670746e+02
283 284  -1.194010508315e+02
283 935  -2.377100162430e+02
284 283  -1.194010508315e+02
284 284   2.125093493498e+02
284 285  -9.310829851827e+01
285 284  -9.310829851827e+01
285 285   2.079592019107e+02
285 1606  -1.148509033925e+02
286 273  -2.866503258512e+02
286 286   5.503414945512e+02
286 1608  -1.418647832727e+02
286 1609  -1.218263854273e+02
287 287   2.987335877868e+02
287 288  -1.114532379701e+01
287 443  -1.440719097740e+02
287 1601  -1.435163542158e+02
288 287  -1.114532379701e+01
288 288   2.108519027362e+01
288 289  -9.939866476610e+00
289 288  -9.939866476610e+00
289 289   2.168476125098e+01
289 290  -1.174489477437e+01
290 289  -1.174489477437e+01
290 290   1.175292921366e+01
290 1792  -8.034439291101e-03
291 291   5.792240846926e+01
291 292  -3.744631063724e+01
291 295  -2.047609783202e+01
292 291  -3.744631063724e+01
292 292   6.493196284328e+01
292 301  -2.748565220604e+01
293 293   5.792240846926e+01
293 294  -3.744631063724e+01
293 296  -2.047609783202e+01
294 293  -3.744631063724e+01
294 294   6.493196284328e+01
294 302  -2.748565220604e+01
295 291  -2.047609783202e+01
295 295   5.585083196911e+01
295 297  -3.537473413709e+01
296 293  -2.047609783202e+01
296 296   5.585083196911e+01
296 298  -3.537473413709e+01
297 295  -3.537473413709e+01
297 297   4.595774905121e+01
297 299  -1.058301491412e+01
298 296  -3.537473413709e+01
298 298   1.878438692378e+02
298 300  -1.058301491412e+01
298 1083  -1.418861201866e+02
299 178  -2.263673701786e+01
299 297  -1.058301491412e+01
299 299   5.698171693449e+01
299 323  -2.376196500251e+01
300 298  -1.058301491412e+01
300 300   3.434497991663e+01
300 324  -2.376196500251e+01
301 292  -2.748565220604e+01
301 301   5.644494493330e+01
301 303  -2.895929272726e+01
302 294  -2.748565220604e+01
302 302   5.644494493330e+01
302 304  -2.895929272726e+01
303 301  -2.895929272726e+01
303 303   5.791858545453e+01
303 305  -2.895929272726e+01
304 302  -2.895929272726e+01
304 304   5.791858545453e+01
304 306  -2.895929272726e+01
305 303  -2.895929272726e+01
305 305   5.782478560770e+01
305 307  -2.886549288044e+01
306 149  -2.886549288044e+01
306 304  -2.895929272726e+01
306 306   5.782478560770e+01
307 305  -2.886549288044e+01
307 307   1.312312882142e+02
307 343  -1.023657953337e+02
308 262  -2.756002096855e+01
308 308   6.319999448470e+01
308 310  -3.563997351615e+01
309 263  -3.563997351615e+01
309 309   5.979642758538e+01
309 311  -2.415645406923e+01
310 308  -3.563997351615e+01
310 310   5.979642758538e+01
310 312  -2.415645406923e+01
311 309  -2.415645406923e+01
311 311   4.791841907174e+01
311 313  -2.376196500251e+01
312 310  -2.415645406923e+01
312 312   4.791841907174e+01
312 314  -2.376196500251e+01
313 311  -2.376196500251e+01
313 313   4.713445425735e+01
313 315  -2.337248925484e+01
314 312  -2.376196500251e+01
314 314   4.694069686068e+01
314 1084  -2.317873185817e+01
315 313  -2.337248925484e+01
315 315   4.713841635014e+01
315 316  -2.376592709530e+01
316 315  -2.376592709530e+01
316 316   4.746470526732e+01
316 323  -2.369877817202e+01
317 317   5.267002395429e+01
317 318  -5.366619696177e+00
317 324  -2.369877817202e+01
317 1084  -2.360462608609e+01
318 317  -5.366619696177e+00
318 318   2.180035782230e+01
318 319  -1.643373812612e+01
319 318  -1.643373812612e+01
319 319   5.105270965688e+01
319 320  -3.461897153077e+01
320 319  -3.461897153077e+01
320 320   6.841739367941e+01
320 321  -3.379842214865e+01
321 320  -3.379842214865e+01
321 321   7.966382835691e+01
321 322  -4.586540620826e+01
322 321  -4.586540620826e+01
322 322   4.587344064755e+01
322 1773  -8.034439291101e-03
323 299  -2.376196500251e+01
323 316  -2.369877817202e+01
323 323   4.746074317453e+01
324 300  -2.376196500251e+01
324 317  -2.369877817202e+01
324 324   4.746074317453e+01
325 325   7.855243069131e+01
325 326  -2.254475273311e+01
325 590  -5.600767795820e+01
326 325  -2.254475273311e+01
326 326   4.554403676940e+01
326 1332  -2.299928403629e+01
327 327   7.855243069131e+01
327 328  -2.254475273311e+01
327 591  -5.600767795820e+01
328 327  -2.254475273311e+01
328 328   4.554403676940e+01
328 1329  -2.299928403629e+01
329 329   4.775478295193e+01
329 330  -2.482945401637e+01
329 333  -2.292532893556e+01
330 329  -2.482945401637e+01
330 330   6.101203687290e+01
330 352  -3.618258285652e+01
331 331   4.716802490047e+01
331 332  -2.292532893556e+01
331 334  -2.424269596491e+01
332 331  -2.292532893556e+01
332 332   4.775478295193e+01
332 351  -2.482945401637e+01
333 329  -2.292532893556e+01
333 333   4.716802490047e+01
333 335  -2.424269596491e+01
334 331  -2.424269596491e+01
334 334   4.917198857966e+01
334 336  -2.492929261475e+01
335 333  -2.424269596491e+01
335 335   4.917198857966e+01
335 337  -2.492929261475e+01
336 334  -2.492929261475e+01
336 336   5.212661470346e+01
336 338  -2.719732208871e+01
337 335  -2.492929261475e+01
337 337   5.212661470346e+01
337 339  -2.719732208871e+01
338 336  -2.719732208871e+01
338 338   4.688740063048e+01
338 340  -1.969007854177e+01
339 337  -2.719732208871e+01
339 339   4.688740063048e+01
339 341  -1.969007854177e+01
340 338  -1.969007854177e+01
340 340   4.336918165470e+01
340 342  -2.367910311293e+01
341 339  -1.969007854177e+01
341 341   4.336918165470e+01
341 371  -2.367910311293e+01
342 340  -2.367910311293e+01
342 342   4.923386066497e+01
342 349  -2.555475755204e+01
343 307  -1.023657953337e+02
343 343   1.298461434115e+02
343 344  -2.748034807783e+01
344 343  -2.748034807783e+01
344 344   6.784567016482e+01
344 346  -1.822659338991e+01
344 347  -2.213872869708e+01
345 151  -2.748034807783e+01
345 345   4.961907677491e+01
345 348  -2.213872869708e+01
346 344  -1.822659338991e+01
346 346   1.823259338969e+01
346 1757  -5.999999776483e-03
347 344  -2.213872869708e+01
347 347   4.581783181001e+01
347 349  -2.367910311293e+01
348 345  -2.213872869708e+01
348 348   4.581783181001e+01
348 350  -2.367910311293e+01
349 342  -2.555475755204e+01
349 347  -2.367910311293e+01
349 349   4.923386066497e+01
350 348  -2.367910311293e+01
350 350   4.923386066497e+01
350 371  -2.555475755204e+01
351 160  -3.618258285652e+01
351 332  -2.482945401637e+01
351 351   6.101203687290e+01
352 330  -3.618258285652e+01
352 352   1.004148110270e+02
352 373  -6.423222817045e+01
353 172  -6.178565289339e+00
353 353   1.182458869672e+01
353 395  -5.646023407377e+00
354 354   8.566324688412e+01
354 355  -4.198926863012e+01
354 416  -4.367397825400e+01
355 354  -4.198926863012e+01
355 355   4.201018075368e+01
355 1700  -2.091212355422e-02
356 178  -1.061970432705e+01
356 356   1.881204748901e+01
356 357  -8.192343161955e+00
357 356  -8.192343161955e+00
357 357   2.150395013537e+01
357 358  -1.331160697342e+01
358 357  -1.331160697342e+01
358 358   9.392234602240e+01
358 359  -8.808069832726e+00
358 1082  -7.180266921626e+01
359 358  -8.808069832726e+00
359 359   1.724798441352e+01
359 360  -8.439914580791e+00
360 359  -8.439914580791e+00
360 360   1.749270437691e+01
360 361  -9.052789796120e+00
361 360  -9.052789796120e+00
361 361   2.028837081196e+01
361 362  -1.123558101584e+01
362 361  -1.123558101584e+01
362 362   2.114111046458e+01
362 363  -9.905529448736e+00
363 362  -9.905529448736e+00
363 363   2.152665951324e+01
363 364  -1.162113006451e+01
364 363  -1.162113006451e+01
364 364   2.331811169766e+01
364 365  -1.169698163316e+01
365 364  -1.169698163316e+01
365 365   2.127977101943e+01
365 366  -9.574754946979e+00
365 1701  -8.034439291101e-03
366 365  -9.574754946979e+00
366 366   2.041938513135e+01
366 367  -1.084463018438e+01
367 166  -1.260175961442e+01
367 366  -1.084463018438e+01
367 367   2.344638979879e+01
368 368   1.155157309058e+02
368 369  -2.353768533695e+01
368 1274  -9.197804556887e+01
369 368  -2.353768533695e+01
369 369   4.002446452509e+01
369 370  -2.697372321103e+00
369 1229  -1.780106724847e+00
369 1275  -1.200930014219e+01
370 369  -2.697372321103e+00
370 370   4.099383889166e+01
370 1059  -9.833310767819e-01
370 1147  -3.731313549378e+01
371 341  -2.367910311293e+01
371 350  -2.555475755204e+01
371 371   4.923386066497e+01
372 160  -6.423222817045e+01
372 372   8.881343025080e+01
372 589  -2.458120208035e+01
373 352  -6.423222817045e+01
373 373   8.881343025080e+01
373 374  -2.458120208035e+01
374 373  -2.458120208035e+01
374 374   6.999379967023e+01
374 591  -4.541259758988e+01
375 375   1.091310577105e+01
375 376  -5.249330189688e+00
375 1539  -5.663775581362e+00
376 375  -5.249330189688e+00
376 376   1.065892558028e+01
376 387  -5.409595390588e+00
377 377   1.204566131353e+01
377 378  -7.467783382493e+00
377 379  -4.577877931039e+00
378 377  -7.467783382493e+00
378 378   6.901917780804e+01
378 1170  -5.042785789663e+01
378 1177  -1.112353652892e+01
379 377  -4.577877931039e+00
379 379   1.436806895322e+01
379 380  -9.790191022177e+00
380 379  -9.790191022177e+00
380 380   1.540882050857e+01
380 381  -5.618629486398e+00
381 380  -5.618629486398e+00
381 381   1.094907649938e+01
381 382  -5.330447012981e+00
382 381  -5.330447012981e+00
382 382   1.066089402596e+01
382 383  -5.330447012981e+00
383 382  -5.330447012981e+00
383 383   1.070151088370e+01
383 384  -5.371063870721e+00
384 383  -5.371063870721e+00
384 384   1.082249583112e+01
384 385  -5.451431960398e+00
385 384  -5.451431960398e+00
385 385   1.074359996900e+01
385 386  -5.292168008603e+00
386 385  -5.292168008603e+00
386 386   1.073810601696e+01
386 387  -5.445938008359e+00
387 376  -5.409595390588e+00
387 386  -5.445938008359e+00
387 387   1.085553339895e+01
388 388   2.295428540960e+02
388 389  -4.988479320211e+00
388 1403  -1.073612777805e+02
388 1404  -1.171930969953e+02
389 388  -4.988479320211e+00
389 389   1.052177478229e+01
389 390  -5.533295462081e+00
390 389  -5.533295462081e+00
390 390   1.130083560527e+01
390 391  -5.767540143186e+00
391 390  -5.767540143186e+00
391 391   1.149231322985e+01
391 392  -5.724773086663e+00
392 391  -5.724773086663e+00
392 392   1.075894668863e+01
392 393  -5.034173601969e+00
393 392  -5.034173601969e+00
393 393   9.832024953648e+00
393 394  -4.795195544377e+00
393 1709  -2.655807301817e-03
394 393  -4.795195544377e+00
394 394   1.003773622509e+01
394 395  -5.242540680716e+00
395 353  -5.646023407377e+00
395 394  -5.242540680716e+00
395 395   1.088856408809e+01
396 396   2.005031955405e+01
396 397  -1.472425006648e+01
396 1141  -5.326069487567e+00
397 396  -1.472425006648e+01
397 397   3.742182817661e+01
397 620  -1.621255663603e+01
397 1143  -6.485021474091e+00
398 398   2.541684810651e+01
398 429  -4.882564993519e+00
398 496  -6.893093061715e+00
398 789  -1.364119005128e+01
399 399   2.412941127193e+01
399 400  -9.169998610763e+00
399 442  -8.428674461227e+00
399 671  -6.530738199938e+00
400 399  -9.169998610763e+00
400 400   1.705581484803e+01
400 401  -7.872085204066e+00
400 1694  -1.373103320306e-02
401 400  -7.872085204066e+00
401 401   1.734480270151e+01
401 402  -9.472717497441e+00
402 401  -9.472717497441e+00
402 402   2.369378433433e+01
402 403  -1.123531184721e+01
402 405  -2.985754989675e+00
403 402  -1.123531184721e+01
403 403   7.728234715237e+01
403 404  -6.604703530516e+01
404 403  -6.604703530516e+01
404 404   7.783370117947e+01
404 407  -1.178666587431e+01
405 402  -2.985754989675e+00
405 405   5.812653235457e+01
405 406  -5.514077736490e+01
406 405  -5.514077736490e+01
406 406   5.514077736490e+01
407 404  -1.178666587431e+01
407 407   6.473711235988e+01
407 408  -5.295044648557e+01
408 407  -5.295044648557e+01
408 408   8.260842218521e+01
408 409  -2.965797569964e+01
409 408  -2.965797569964e+01
409 409   6.484937168296e+01
409 410  -3.519139598332e+01
410 409  -3.519139598332e+01
410 410   4.403380493633e+01
410 411  -8.842408953011e+00
411 410  -8.842408953011e+00
411 411   1.703884818251e+01
411 412  -8.196439229496e+00
412 411  -8.196439229496e+00
412 412   1.650843922301e+01
412 413  -8.311999993511e+00
413 412  -8.311999993511e+00
413 413   1.585097066975e+01
413 414  -7.538970676234e+00
414 413  -7.538970676234e+00
414 414   1.573540990573e+01
414 417  -8.196439229496e+00
415 415   5.865805150936e+01
415 416  -4.891785484304e+01
415 417  -9.740196666324e+00
416 354  -4.367397825400e+01
416 415  -4.891785484304e+01
416 416   9.259183309703e+01
417 414  -8.196439229496e+00
417 415  -9.740196666324e+00
417 417   1.793663589582e+01
418 418   5.531520943879e+00
418 419  -5.523486504587e+00
418 1779  -8.034439291101e-03
419 418  -5.523486504587e+00
419 419   8.371138275318e+00
419 420  -2.847651770731e+00
420 419  -2.847651770731e+00
420 420   7.773930541064e+00
420 421  -4.926278770333e+00
421 420  -4.926278770333e+00
421 421   9.046410772087e+00
421 422  -4.120132001753e+00
422 421  -4.120132001753e+00
422 422   8.324856869831e+00
422 423  -4.204724868077e+00
423 422  -4.204724868077e+00
423 423   8.364108928480e+00
423 424  -4.159384060403e+00
424 423  -4.159384060403e+00
424 424   1.129900574030e+01
424 425  -4.120132001753e+00
424 427  -3.019489678144e+00
425 424  -4.120132001753e+00
425 425   8.132902640795e+00
425 426  -4.012770639042e+00
426 425  -4.012770639042e+00
426 426   8.483394716444e+00
426 1151  -4.470624077402e+00
427 424  -3.019489678144e+00
427 427   6.258114528688e+00
427 428  -3.238624850543e+00
428 427  -3.238624850543e+00
428 428   1.244246050687e+01
428 430  -9.203835656330e+00
429 398  -4.882564993519e+00
429 429   7.857346133655e+00
429 497  -2.974781140136e+00
430 428  -9.203835656330e+00
430 430   2.913569417331e+01
430 431  -1.993185851698e+01
431 430  -1.993185851698e+01
431 431   3.459485429758e+01
431 432  -1.466299578060e+01
432 431  -1.466299578060e+01
432 432   3.610553531785e+01
432 433  -2.144253953725e+01
433 432  -2.144253953725e+01
433 433   2.931774953646e+01
433 434  -7.875209999210e+00
434 433  -7.875209999210e+00
434 434   7.127717209918e+01
434 435  -8.067093887667e+00
434 1186  -5.533486821230e+01
435 434  -8.067093887667e+00
435 435   1.534773087508e+01
435 436  -7.280636987409e+00
436 435  -7.280636987409e+00
436 436   4.652079013778e+01
436 729  -3.924015315037e+01
437 437   2.740867395279e+01
437 438  -8.837587869668e+00
437 1146  -1.857108608312e+01
438 437  -8.837587869668e+00
438 438   1.997258492511e+01
438 439  -1.113499705544e+01
439 438  -1.113499705544e+01
439 439   2.228914736975e+01
439 440  -1.115415031431e+01
440 439  -1.115415031431e+01
440 440   2.287689670991e+01
440 441  -1.172274639560e+01
441 440  -1.172274639560e+01
441 441   1.982902471362e+01
441 442  -8.106278318017e+00
442 399  -8.428674461227e+00
442 441  -8.106278318017e+00
442 442   1.653495277924e+01
443 287  -1.440719097740e+02
443 443   2.664219383795e+02
443 444  -1.069429921503e+01
443 1372  -1.116557293905e+02
444 443  -1.069429921503e+01
444 444   6.473615499897e+01
444 445  -5.404185578393e+01
445 444  -5.404185578393e+01
445 445   7.876044853539e+01
445 446  -1.120812880547e+01
445 1624  -1.351046394598e+01
446 445  -1.120812880547e+01
